$ANSIBLE_VAULT;1.1;AES256
39636433613435373239393165316536333865373132623739653365623863343331336365363139
3938663035383062613232393937633734653039383766370a313039396265626136363038343866
39313136343065353464626233326332623637366137653566343731663363663965333937383631
3061313431333734390a333039653837633830663832646133363366656333363534366666316164
66646365306237663832353237623735383364656432376337373237306263343031366135373738
30356230343838663135356665363765313563346264346136663431643537353265653230653534
32613236343436666265366230346163663465666639393435636234313961663835643163636262
31646366306636636438363966383430323930613230616630306466613832633438633232316434
66353435393063343536663832363434313963353361626533353562626130623863363630353962
37383236353934333664383930346531363733303437393961633435633032623362636230616232
31333231373333303135313366346435363239346466663164376632653864333136336530646136
64343536643833653664633730666138343034613035363239363266643532323339633435643130
62653439623534653131303865383034643439663335326639343061366562373265666564333261
65326335636362656432306561626538396366656437336435383238333938373338643762323633
35353134386237646136636135366537653762393035313430306566623965633164366435616337
35366261623066643236646465623464393365653834326265306639656163303232303961313763
61646666633265383264303465653333623436393437393163333437623434343634623732303531
33626231376339626632313363326666353532323834616362616336623231626535633431306231
36333036363765373434653266393731666534323335616461313437633366616366656232366130
63653834363638393437343434303337643530623166396565353739613563643637383561383163
31613136363937393738376164643763346136656264633161633563386233323439343661323130
63316365323062643336646237343834356539643663613966313662386265323438623837343433
32356331313363666138383835343138303439333561396534656466656164393036646236366533
39363464306631623934373261656136346532326438663535393731616233626363383137666631
31313164363939323264623530373531313839306134316563393132356561646564313162623764
39373438633231353436356437326632383062386237663963653535646664626132333764333261
62623935383031383766373765313839323338383636393365316539633130353031616334303737
33656134353739303866303065353264353838323364353934376130323064636639333561356231
65373832653832313136643833666231396464653532383336636537613436386333303432363337
32376363303839353465633962633339643761353637313336653137353864613032323336343334
32323139323230353938643662646261333832396231363062626534633133353665396635356563
30306264373866633238653462326232393761663130343763393364396165666531356631376563
6337
