$ANSIBLE_VAULT;1.1;AES256
65333664636262323331356665323162343230663933343039343066373334343661623231356665
6539663830626365613333333464623965346537366331630a393737666130643635613339373562
61353665636234616164373938396630626131353161623732333365303266646136653331653862
6465393935613434630a316534313861666462636435303839396536636137613561303831363237
32346139343437633036343930623061363437303461653634383034653935373364323733633739
61313262613464313065383037313661613038393861353363393337623832373563643935323638
30316464643236663765373337663861363535633464346134353936386134616335323035363330
36616464383432633463373835383632356231656237303766343239653762343834653665373939
63353062656465343662666433393261373139386464313036643132363334386636623031363134
36363239626534316161376531386236386165373034643164356666393037663833643564383935
38393765636634376530653865303531626134653339613562366331393736386437393161623734
65356261663766353961363966646535396462396464333432666365663064646562356137383939
64633033643766663633656538376238336365663030643561313138316465323232666537626637
61316236333964333135366334396363656233313131663036343930653839643961386430323336
34323238356263393062623332653839316432323161396661663335633135393431643530366438
33323063376232333338363431316336346463636136336639383533303430363964333332623061
30333838613637306333623264383636663963356533633731653434333037636534613162653535
30393235643930316234666234626365313066383134666165613931366361353364623237336466
35656532653263366531356465323662333930383164366161323437383837303135383164323132
62346533353931653966376462633635666162636639313364653736346662643365343935636630
30656437663535306461336261333765333831303065346330626663363661626438623964366134
30376238616238393838656334393838613962323561643438663166346462623231396436626438
31353331663335653864313562613561653464346639383765316465623239643635316565376262
36613634316434616135313636323830623164613731656330383633646464353964373338393739
30613938656638333663646164626435333134306564633436383634613263386665616361376236
65343366343863393939383830633035636337353465623530393564306261613231323665366339
32663330366237366132306639303261393362393637653437643334666434646130633536383733
64613063626537313563366431326261373430623734633563616634396238633662353166373436
35623063373062393464323564656434653331313734643262313335633864393432313737346234
64376665323031383432343038653632633562323033623436313565663536306236376237373234
39636165353662363337323366623531653864343332616232336464636663356230333066653166
34386235343038393863636263653363356634346439643836653035396632316165326562343031
36363133383836366234633337663533633964633437383265346331646466383466313234653639
31386461356435663464633063303030336365303462373735353639643065646561386532306437
62663332393563643463663166376562343265663162656535306262323465656536386435306235
35323264643732633539383136346335313330313436396631313534313931623930313031633732
35376662346134633334626162343438663362623032396439636363316566646334623963313934
38646664643739333032646438613735313963316261306566623036636439306532396339356633
35643430653365613134353434356334333638646537386335333636346565623732363332636637
38323730616664656562393439323738623234396335333238653034643033343433346434326261
38613733636238663332653539386663653665326262393462626234363364306534613338386366
65343964383462393333373235373535646134643031316666383630613061393134636438303763
30333336316430623134323537373235356134306130343931303762613932346335623730393263
31626166653166313231303138376632383364633134616465303531663963636239356630653437
64623033343231333165303935346135306165306266303264653364383235613761633733303436
37646536323062313632326536366339663039646263313564363563323661363036396463613932
63393339366263616439353161336665323161616638333337363832353762336136363435653539
33363935373565326531336165306363373230306562323361646262633036356138636134636162
34373362323265633638656630363466316633333630316661656333323935616661613334393739
65363735343333336137636530306566393762663561333763343739343462666364626539333832
61343565333764643635333565373834306332653435613536356637333039323231323831313231
64346237363462343966376438336534313832363330653439336263303234656434306336663034
30633430656434363364396638636131653032323731653735646636303965643361353936336562
65663839356332326263626136623264393931383061383064326532616433653638313730333032
61303236636630363435326362643134613238643339643939323436356561626634326535633236
36646266323331663262396662616136363032376362393839313331646361613031313363323738
37386163326463323139646164303630393039323234383832373162353739346138386632356438
66383262613132363731343166383938613339333364323339353966663234613365633934386261
37393934636639363930363335336130663366333163623638356639333466316261643362383766
30303463613565666561616631323861653665663266343836363233363162633131633266333263
65663663396538343262363932326134623263646235333834376564343766656436353232313163
65343966616239336635373032396136356433636635323762623633633438626134656130383332
37653164633132616562386265656662663834393531333463353164363364643134363863623765
30373263643863343265623331306439663238633338326463636633373862343737613961616263
30386637396333306430303734386137386331663438316461323438343362643338366564663966
30373435313230386166376466636136623938333236623731386539343232643831643339303533
32376665653266333238343030643463336332333134643062643639623230303835653333653135
31646533643138366530343533393362333063303064363731396435336234656234386261366131
64343763653331663663643561653133333530633439613237633936383536653164346562333261
32303637646265653561643539373639333638653264363466346663383039646266383262646333
63373735373339316163656438646233336164353038333038373763396537633364656461336663
32353537663839306361386433316566656637643138343638616163613238333664636136663565
35393632663364613430656531653030323961393563303931396238373135663332663838613438
64646433373764623762616633633661653935363031346538656239326264623139333833326537
61663130323532306531343466373865663034656134333061653465316561646636316265313633
65626163613865326665393131363736396533383939336664613935343036613866383866653639
63626436383031326463663565303733333437393936386464363239313735666637666433313166
31366463656661663937383331336538653664343666643434346139336435363531316230313031
62396532643965303461326466643836346639343332373566633336376531646434653332343739
37303362613736363232323335663063373230306666633561313137636437343736356235333639
39366636363836636630333438613265666535633466353166353735386362653564346435386331
64613963633833636632353632333236373062636163323035393862306161386635623631316161
64663935343338346138336439633961313166626436333034363535373834383237653566663535
35356637653065373463653261623534393465666231333638363031646662666237353131343934
36376332396565366537343433643766393965393461333266383837613464623361633335633065
31636435616433653631303834633134326339353135646633316331343436383132393937303764
36346365343831326139303865323933303837393539316336303735303262333266653164363162
63373663346562623032376465653761613664336538343062623734366437356138643634613032
64613961613534633638613863306339333039663764633535386330643636386634353231626661
38346263636130316164626166353366373431643237666532666533306335643133343462326237
66323332663330616633353638336230366335363461356661373232626138646566646433303132
32643232383534633239356165316532623863333033613339653735383932653465343931393639
33396665623838656235613765373238323261363731346262396134326133396164343364323739
38636433386332383466303562383639636139343635336439613665376637666661356432636166
64366238393461653939373236366336343161386234396432626232663265666261613435343834
32646238383133623762353037356639616434323933653239376437623434633337393461383864
63613533656431383761336230303838353938343565653639396333366137376432643530366662
38363961333266653532663433313630643866343764383566646564623237336665653236306562
38373464353265383061623937643937303139353632613038656133636332376536396231643039
66633339666136383163666633396162333562383065323637663266383463383938383733323034
36663138303434636261366234346439333737613736343037623437353736663230383430626430
37383336313334303330646261663763343533633439386262393736363463373666316634353832
63353137323434376565393763383563346337313534353238663963616434333562373236366230
39346632323834643732333937383538353437306366663838633561326237636565306663396538
34366633366332386366303866623361626564353030373939646366323034386534633766613739
64343336663165613939346234316330616436333766623933376233353732336365613462613737
30663730633639393038626361626565333262353331303839646234623833333631616266353832
33353632626238346338623135303536376163656539616338353631373132393330383061336431
66396666376162383031653038653365383166326166326231396636346164346365363438623631
38613566636166346438323265383064623338343265376439343730613363353162666435616433
38626564303130353939303362663038343331383235323838633865316236316537363937336539
65363431626363316662323332373736626436303333323631306235316534613561333661303935
62323063386135363834316135383137353862346336303035653231323364396261656662396461
65396361653231663061336137343834633762353463393062653237363963326461373139323539
34623330396337313239316437323537656230303733666361643033323834353261353636613337
65343539646237626233303461363431656139653730333736323739356465646166643632653761
33373335303165626138633734643261636164643766626165326366656130656439363031356565
61346438633664633838383863643263633565646230333939313665356631316564353439613435
31613230376565623665666665656231353132616262353932646536393937623638336636363236
38666336373839343363613164353362393234613030633437613137653036636338353135643239
66363531363538643564623737363530333364353238323038353231326134613133373734396537
37323666626534343037623630656161333564346139343632353339353830623331343331363963
33386437346465326231623764646532323862613333656464636264633063323037306464393266
65666130353136633061393866333965353932646461636634313833393333323863666637383266
65656238393030323339363963623364336561306637643134393533663433376130326363653162
66363361353662633639393738386535376230616365396131356661343363623435343562626133
63326631326566363939306536636631623732326337393432346366666532336462613761636532
62346232376539336337333261323033396565386563396163313461383964366466616230366631
37333432383432313130353732346262353337346432636263356566623739656235323735333935
30386561323966653634373563616637343537376362636432333534313539353135643036333239
62333961643431373734613731323566326238323566363061323766326564363965616633313331
37313636623862363437353030643936656461393136613064383462333530653936383666646264
61646335393432616439633563303361383034666135303165363564653362363731323731393230
62653437356439653538616131306662623235376563633563316238333237363736393233636664
303138613266343835653832646138623665
