$ANSIBLE_VAULT;1.1;AES256
37326264366535383339653930633131386430396164386336626466386261653737663537326563
3663383737653635666565326431373130303663313938320a363564323164626539366565343431
61656166626333333833363537316635313664373134663165343735313662383863363962626538
6363313962656234380a616566326535373837643133326566636261623539353334306461396136
65633435343434303962646465356134616265626666356261326130396561333339373166383862
64306432376131633361613461613965613132663564363063373964333765616238626232373835
62363861343966303134386335343463343536363134373938663933333439346434373739313939
65303465316537666164613738316364636538643864653464613065343335613836313339656566
31613365363332393337383135333666636136353730646438373136663733336131326431666130
32323437393762373464396235373161616534623137373833303838303233363039353833613536
63623662613938653962306532323638343464376162376262626538363637326363666361333234
34623132363963303637
